10
0 42 81 69 79 93 25 64 17 52 
42 0 18 82 73 56 55 55 88 70 
81 18 0 82 91 11 24 82 16 36 
69 82 82 0 39 90 97 55 18 28 
79 73 91 39 0 36 66 84 78 29 
93 56 11 90 36 0 45 97 94 92 
25 55 24 97 66 45 0 84 43 26 
64 55 82 55 84 97 84 0 21 46 
17 88 16 18 78 94 43 21 0 94 
52 70 36 28 29 92 26 46 94 0 
