25
0 90 93 97 55 21 50 91 66 70 25 20 80 35 72 36 88 20 26 94 81 16 60 13 80 
90 0 56 84 20 31 49 27 74 75 71 48 84 99 90 70 89 83 72 75 82 16 89 53 89 
93 56 0 24 84 75 16 95 53 39 41 81 46 59 95 65 32 23 54 29 40 64 19 78 17 
97 84 24 0 38 19 93 19 53 84 70 43 52 91 55 20 88 43 37 93 37 86 54 63 59 
55 20 84 38 0 77 78 26 63 26 98 81 16 84 12 32 88 57 89 35 73 12 75 87 69 
21 31 75 19 77 0 65 32 48 49 15 91 77 29 89 99 28 33 83 97 51 28 21 19 53 
50 49 16 93 78 65 0 21 96 12 40 20 25 71 80 44 76 32 99 20 31 29 60 23 62 
91 27 95 19 26 32 21 0 80 52 36 53 16 30 12 23 58 46 72 98 49 46 43 77 74 
66 74 53 53 63 48 96 80 0 54 44 84 59 27 48 95 83 55 58 51 70 20 37 28 83 
70 75 39 84 26 49 12 52 54 0 76 80 58 75 33 51 48 72 43 99 25 57 98 67 77 
25 71 41 70 98 15 40 36 44 76 0 13 87 88 48 77 43 86 30 49 36 20 98 14 61 
20 48 81 43 81 91 20 53 84 80 13 0 12 57 30 84 83 35 81 87 67 61 56 91 92 
80 84 46 52 16 77 25 16 59 58 87 12 0 90 94 83 83 48 27 98 87 40 80 79 52 
35 99 59 91 84 29 71 30 27 75 88 57 90 0 30 41 18 97 28 22 34 21 44 10 90 
72 90 95 55 12 89 80 12 48 33 48 30 94 30 0 84 40 19 89 45 70 83 66 29 72 
36 70 65 20 32 99 44 23 95 51 77 84 83 41 84 0 34 86 51 93 86 17 37 78 71 
88 89 32 88 88 28 76 58 83 48 43 83 83 18 40 34 0 40 15 94 74 47 16 98 57 
20 83 23 43 57 33 32 46 55 72 86 35 48 97 19 86 40 0 24 79 57 12 80 75 25 
26 72 54 37 89 83 99 72 58 43 30 81 27 28 89 51 15 24 0 20 84 56 29 58 51 
94 75 29 93 35 97 20 98 51 99 49 87 98 22 45 93 94 79 20 0 48 34 27 94 57 
81 82 40 37 73 51 31 49 70 25 36 67 87 34 70 86 74 57 84 48 0 35 25 93 44 
16 16 64 86 12 28 29 46 20 57 20 61 40 21 83 17 47 12 56 34 35 0 89 47 81 
60 89 19 54 75 21 60 43 37 98 98 56 80 44 66 37 16 80 29 27 25 89 0 11 17 
13 53 78 63 87 19 23 77 28 67 14 91 79 10 29 78 98 75 58 94 93 47 11 0 71 
80 89 17 59 69 53 62 74 83 77 61 92 52 90 72 71 57 25 51 57 44 81 17 71 0 
